  -90     0
  -86     0
  -82     0
  -78     0
  -74     0
  -70     0
  -66     0
  -62     0
  -58     0
  -54     5.92517
  -50     5.354
  -46     5.13717
  -42     2.13323
  -38     6.22089
  -34     2.93829
  -30     4.31631
  -26     7.35176
  -22     5.89241
  -18     3.64134
  -14     2.26272
  -10     0.589933
  -6     0.422089
  -2     0.854153
  2     0.0802434
  6     0
  10     0.166794
  14     1.56393
  18     35.686
  22     55.3223
  26     48.0245
  30     42.1722
  34     17.8233
  38     11.2611
  42     4.91463
  46     0.19954
  50     1.322
  54     1.92159
  58     4.4
  62     6.65969
  66     11.0465
  70     14.945
  74     22.5969
  78     29.5786
  82     27.7189
  86     0
  90     0
