  WMAX1
  10.00  10.00  10.00  10.00  10.00  10.00  10.00  10.00  10.00  91.00  49.94  80.54
  74.40  45.16  28.21  26.52  34.10  32.76  38.33  52.48  87.26 122.41 165.74
 151.05 101.65  54.39  49.48  43.39  43.47  34.51  27.17  26.04  25.53  25.32  26.89
  29.06  28.54  28.00  28.13  29.33  29.62  22.87  12.14  10.00  10.00  10.00
  WMAX2
  10.00  10.00  10.00  10.00  10.00  10.00  10.00  10.00  10.00 342.01 183.53 228.90
 235.26 209.63 189.83 160.94 187.02 235.83 280.18 299.41 326.78 359.59 409.36
 399.54 352.85 300.99 269.23 162.07 156.93 175.93 190.67 254.44 250.26 268.27 302.79
 337.24 350.14 345.75 324.58 292.74 233.01 134.47  30.30  10.00  10.00  10.00
  VMASK form NP to SP in meters of water
   0.00   0.00  10.00  11.07  20.60  99.67 318.90 476.67 506.29 470.88 409.34 304.84
 281.76 267.27 230.49 251.34 403.64 457.15 451.81 450.87 543.18 1172.09 1846.75
2033.97 1485.54 1047.98 605.38 351.63 249.30 279.11 206.79 285.51 460.14 868.21 932.74
 522.03 1010.33   0.00   0.00   0.00   0.00   0.00   0.00   0.00   0.00   0.00

