    0.000000    
    0.000000    
    0.000000    
    0.000000    
    2.145515    
    2.149544    
    2.154892    
    2.164027    
    2.155142    
    2.129319    
    2.103792    
    2.079689    
    2.056615    
    2.031013    
    2.014491    
    2.006235    
    1.996241    
    1.985965    
    1.976538    
    1.965021    
    1.955604    
    1.944847    
    1.944249    
    1.949062    
    1.940720    
    1.929604    
    1.921469    
    1.928065    
    1.941955    
    1.963920    
    1.977770    
    1.985840    
    1.991005    
    1.995944    
    1.999555    
    2.013697    
    2.024120    
    2.034195    
    2.027887    
    2.013634    
    1.995260    
    1.912020    
    1.875166    
    1.889723    
    1.908322    
    1.942110    
    1.942110    
    1.942110    
