            0    0.000000    
            1    0.000000    
            2    0.000000    
            3   0.1555555    
            4   0.3444445    
            5   0.5777777    
            6   0.9666666    
            7    1.000000    
            8    1.000000    
            9   0.9888889    
           10   0.9777778    
           11   0.9555556    
           12   0.9444444    
           13   0.9222222    
           14   0.8777778    
           15   0.8000000    
           16   0.7888889    
           17   0.7444444    
           18   0.7666667    
           19   0.7666667    
           20   0.7888889    
           21   0.7555556    
           22   0.7333333    
           23   0.7888889    
           24   0.7333333    
           25   0.7333333    
           26   0.7333333    
           27   0.6888889    
           28   0.6444445    
           29   0.5888889    
           30   0.5666667    
           31   0.4888889    
           32   0.4555556    
           33   0.4444444    
           34   0.4222222    
           35   0.4222222    
           36   0.3666667    
           37   0.4222222    
           38   0.2333333    
           39   0.1777778    
           40   0.3333333    
           41   0.6555555    
           42   0.8444445    
           43   0.8444445    
           44    1.000000    
           45    1.000000    
