  2.6936E-07
  2.6936E-07
  2.6914E-07
  2.6861E-07
  2.6694E-07
  2.6028E-07
  2.4867E-07
  2.4953E-07
  3.0687E-07
  3.2378E-07
  4.1934E-07
  5.4275E-07
  7.5940E-07
  1.3351E-06
  1.3801E-06
  1.5618E-06
  1.7747E-06
  1.8572E-06
  2.1629E-06
  2.4794E-06
  2.3102E-06
  1.7443E-06
  1.5253E-06
  1.3953E-06
  1.5578E-06
  2.0073E-06
  2.6039E-06
  3.3108E-06
  4.2222E-06
  5.1802E-06
  5.8490E-06
  6.0366E-06
  6.2796E-06
  6.5033E-06
  6.7996E-06
  6.5197E-06
  5.8013E-06
  5.1067E-06
  3.7105E-06
  3.0919E-06
  2.7317E-06
  2.4919E-06
  2.3899E-06
  2.3926E-06
  0.0000E+00
  0.0000E+00
  0.0000E+00
  0.0000E+00
  0.0000E+00
  2.6978E-07
  2.6202E-07
  2.5319E-07
  2.4554E-07
  2.4688E-07
  2.5365E-07
  2.6591E-07
  2.9534E-07
  3.2223E-07
  3.7613E-07
  4.3554E-07
  4.5748E-07
  4.7182E-07
  5.4235E-07
  5.4549E-07
  5.1768E-07
  4.9198E-07
  4.9946E-07
  4.8376E-07
  4.5719E-07
  4.9017E-07
  5.0107E-07
  7.2631E-07
  9.9305E-07
  1.3479E-06
  1.9517E-06
  2.2116E-06
  2.2806E-06
  3.2452E-06
  3.4889E-06
  3.1109E-06
  2.5549E-06
  1.6587E-06
  2.2469E-06
  2.6554E-06
  2.3846E-06
  2.4998E-06
  2.6766E-06
  2.4941E-06
  2.4149E-06
  2.4024E-06
  2.3971E-06
  2.3971E-06
  2.6936E-07
  2.6936E-07
  2.6914E-07
  2.6871E-07
  2.6510E-07
  2.5599E-07
  2.4582E-07
  2.4688E-07
  2.5365E-07
  2.6651E-07
  2.9663E-07
  3.2819E-07
  3.8811E-07
  4.9176E-07
  5.7916E-07
  6.9889E-07
  8.2132E-07
  8.7339E-07
  9.1183E-07
  9.1059E-07
  8.3901E-07
  7.6693E-07
  7.2418E-07
  6.7873E-07
  7.4656E-07
  1.0732E-06
  1.3976E-06
  1.9205E-06
  2.7794E-06
  3.3510E-06
  3.8788E-06
  4.3950E-06
  4.6227E-06
  4.7718E-06
  4.7851E-06
  4.5449E-06
  4.3156E-06
  3.9322E-06
  3.3100E-06
  2.9446E-06
  2.7065E-06
  2.4935E-06
  2.4100E-06
  2.4014E-06
  2.3971E-06
  2.3971E-06
 -9.0000E+01
 -8.6000E+01
 -8.2000E+01
 -7.8000E+01
 -7.4000E+01
 -7.0000E+01
 -6.6000E+01
 -6.2000E+01
 -5.8000E+01
 -5.4000E+01
 -5.0000E+01
 -4.6000E+01
 -4.2000E+01
 -3.8000E+01
 -3.4000E+01
 -3.0000E+01
 -2.6000E+01
 -2.2000E+01
 -1.8000E+01
 -1.4000E+01
 -1.0000E+01
 -6.0000E+00
 -2.0000E+00
  2.0000E+00
  6.0000E+00
  1.0000E+01
  1.4000E+01
  1.8000E+01
  2.2000E+01
  2.6000E+01
  3.0000E+01
  3.4000E+01
  3.8000E+01
  4.2000E+01
  4.6000E+01
  5.0000E+01
  5.4000E+01
  5.8000E+01
  6.2000E+01
  6.6000E+01
  7.0000E+01
  7.4000E+01
  7.8000E+01
  8.2000E+01
  8.6000E+01
  9.0000E+01
