  1.0000  1.0000  1.0000  1.0000  1.0000  1.0000  1.0000  1.0000  1.0000  1.0000  1.0000  1.0000
  1.0000  1.0000  1.0000  1.0000  1.0000  1.0000  1.0000  1.0000  1.0000  1.0000  1.0000  1.0000
  1.0000  1.0000  1.0000  1.0000  1.0000  1.0000  1.0000  1.0000  1.0000  1.0000  1.0000  1.0000
  0.9437  0.9473  0.9663  0.9877  0.9703  0.9812  0.9813  0.9696  0.9835  0.9859  0.9803  0.9577
  0.7200  0.7328  0.7607  0.8593  0.8232  0.8458  0.8681  0.8143  0.7846  0.7745  0.7879  0.7295
  0.8535  0.8686  0.8850  0.9061  0.9159  0.9937  1.0617  0.9663  0.8929  0.8347  0.8238  0.8509
  0.9984  0.9556  1.0099  1.0795  1.1280  1.1976  1.1642  1.1278  1.0243  1.0195  1.0629  1.0604
  0.0000  0.0000  0.0000  0.0000  0.0000  0.0000  0.0000  0.0000  0.0000  0.0000  0.0000  0.0000
  0.0000  0.0000  0.0000  0.0000  0.0000  0.0000  0.0000  0.0000  0.0000  0.0000  0.0000  0.0000
  0.6019  0.5560  0.5631  0.5802  0.6605  0.6537  0.6515  0.5818  0.5253  0.6346  0.6932  0.7204
  0.4994  0.4482  0.5147  0.5733  0.7601  0.7579  0.7905  0.7104  0.5813  0.5754  0.5613  0.6098
  1.0238  0.9017  0.9389  0.9449  1.1216  1.1656  1.0797  1.1355  1.0258  1.1364  0.9993  1.0790
  0.6274  0.5650  0.6332  0.7281  0.8964  0.9205  0.8777  0.8760  0.8166  0.8098  0.7160  0.6616
  0.9226  0.8633  0.8303  0.7471  0.6838  0.6453  0.6477  0.6512  0.6909  0.8383  0.9101  0.9328
  0.8654  0.8673  0.7102  0.6896  0.5561  0.4977  0.5363  0.4963  0.5765  0.7335  0.8356  0.8289
  1.0349  1.0209  0.8038  0.7339  0.5899  0.5252  0.4798  0.4840  0.6159  0.8452  0.9591  0.9587
  1.1560  1.1563  0.8942  0.7022  0.6463  0.5396  0.4181  0.4625  0.6359  0.8340  0.9969  1.0507
  1.5600  1.5101  1.2095  0.7753  0.6169  0.5078  0.4403  0.5010  0.7821  1.0157  1.3111  1.4806
  1.6953  1.6170  1.4351  0.8909  0.5276  0.4121  0.3955  0.5036  0.7944  1.1659  1.5531  1.6989
  1.4659  1.4427  1.4511  1.1361  0.5699  0.3257  0.2792  0.4171  0.8313  1.2819  1.5452  1.6163
  1.2910  1.3785  1.3719  1.2939  0.9232  0.5612  0.4422  0.5831  0.9676  1.2975  1.4056  1.4425
  1.3464  1.4892  1.4319  1.4249  1.3495  1.1652  1.0289  1.0404  1.1469  1.3199  1.3428  1.3119
  1.2128  1.2670  1.3432  1.4525  1.4517  1.4320  1.3792  1.3774  1.5030  1.5375  1.4753  1.2037
  0.5823  0.6240  0.7686  0.9853  0.9936  0.9983  1.1127  1.1842  1.1692  1.1090  0.8908  0.6763
  0.2489  0.3767  0.6424  0.8912  0.8696  0.7630  0.8158  0.8251  0.7771  0.5993  0.3389  0.2671
  0.2325  0.2949  0.4823  0.7450  0.8211  0.7774  0.9459  0.8904  0.6954  0.4557  0.2757  0.2505
  0.4154  0.4582  0.5615  0.8335  1.0178  0.9620  0.9538  0.9423  0.7917  0.6366  0.4321  0.3966
  0.4241  0.4424  0.5132  0.6209  0.7720  1.0665  0.9802  0.8809  0.8174  0.6721  0.4503  0.3964
  0.3927  0.4983  0.6289  0.6745  0.8574  1.2806  1.3771  1.1141  0.9192  0.6261  0.3648  0.3456
  0.3669  0.4285  0.5306  0.5931  0.6791  0.9455  1.2528  1.0220  0.7630  0.4638  0.3171  0.3313
  0.4457  0.4677  0.5392  0.5177  0.5960  0.6426  0.8922  0.7990  0.6252  0.4787  0.4273  0.4512
  0.4116  0.4618  0.5379  0.5805  0.6578  0.5972  0.7398  0.7046  0.5794  0.4545  0.4409  0.4096
  0.3930  0.4338  0.5113  0.5932  0.6833  0.6367  0.6630  0.6257  0.4866  0.4361  0.4507  0.4119
  0.4216  0.4433  0.5234  0.6645  0.7391  0.7808  0.7659  0.6744  0.5262  0.4749  0.4728  0.4291
  0.5094  0.5011  0.5822  0.7230  0.8396  0.9522  0.9506  0.8609  0.6791  0.5523  0.5515  0.5287
  0.5755  0.5430  0.5919  0.7483  0.8725  0.9849  0.9847  0.8606  0.7583  0.6251  0.6199  0.5865
  0.6167  0.5781  0.5996  0.7582  0.8777  0.9599  0.9338  0.8873  0.7916  0.7393  0.6880  0.6289
  0.6375  0.6144  0.6340  0.7668  0.9278  0.9667  0.9246  0.8494  0.7676  0.7631  0.7243  0.6773
  0.7003  0.6985  0.7293  0.8151  0.9192  0.9868  0.9536  0.9000  0.8292  0.8331  0.7724  0.7555
  0.7311  0.7388  0.7857  0.8638  0.9307  0.9909  0.9560  0.9133  0.8656  0.8576  0.7857  0.7912
  0.7977  0.8432  0.8648  0.9418  1.0377  1.0073  0.9739  0.9599  0.9299  0.9060  0.8504  0.8571
  0.8551  1.0232  0.9882  1.0601  1.0760  0.8077  0.7867  0.7621  0.8403  0.8810  0.9899  0.9713
  0.7144  0.7633  0.7779  1.0389  0.7802  0.7576  0.8375  0.7690  0.7425  0.8217  0.9448  0.8070
  0.8311  0.8986  0.7551  1.2019  0.8119  0.8980  0.8844  0.8437  0.8264  1.1032  1.0657  0.9160
  0.0000  0.0000  0.0000  0.0000  0.0000  0.0000  0.0000  0.0000  0.0000  0.0000  0.0000  0.0000
  0.0000  0.0000  0.0000  0.0000  0.0000  0.0000  0.0000  0.0000  0.0000  0.0000  0.0000  0.0000
